image: slam_1.png
resolution: 0.050000
origin: [620.000000, 820.000000, 0.000000]
negate: 0
occupied_thresh: 0.65
free_thresh: 0.196

